  0
 75
122
122
 75
  0
-75
-122
-122
-75
  0
 75
122
122
 75
  0
-75
-122
-122
-75
  0
 75
122
122
 75
  0
-75
-122
-122
-75
  0
 75
122
122
 75
  0
-75
-122
-122
-75
  0
 75
122
122
 75
  0
-75
-122
-122
-75
  0
 75
122
122
 75
  0
-75
-122
-122
-75
  0
 75
122
122
 75
  0
-75
-122
-122
-75
  0
 75
122
122
 75
  0
-75
-122
-122
  0
122
-75
-75
122
  0
-122
 75
 75
-122
  0
122
-75
-75
122
  0
-122
 75
 75
-122
  0
122
-75
-75
122
  0
-122
 75
 75
-122
  0
122
-75
-75
122
  0
-122
 75
 75
-122
  0
122
-75
-75
122
  0
  0
 75
-122
122
-75
  0
 75
-122
122
-75
  0
 75
-122
122
-75
  0
 75
-122
122
-75
  0
 75
-122
122
-75
  0
 75
-122
122
-75
  0
 75
