0     
0     
0     
0     
0     
0     
0     
30    
24    
8     
-11   
-26   
-31   
-26   
-11   
8     
24    
30    
24    
8     
-11   
-26   
-31   
-26   
-11   
8     
24    
30    
24    
8     
-11   
-26   
-31   
-26   
-11   
8     
24    
30    
24    
8     
-11   
-26   
-31   
-26   
-11   
8     
24    
30    
24    
8     
-11   
-26   
-31   
-26   
-11   
8     
24    
30    
24    
8     
-11   
-26   
-31   
-26   
-11   
8     
24    
30    
24    
8     
-11   
-26   
-31   
-26   
-11   
8     
24    
30    
24    
8     
-11   
-25   
-27   
-13   
1     
0     
-4    
0     
1     
-4    
-2    
3     
-2    
-4    
1     
0     
-4    
0     
1     
-4    
-2    
3     
-2    
-4    
1     
0     
-4    
0     
1     
-4    
-2    
3     
-2    
-4    
1     
0     
-4    
0     
1     
-4    
-2    
3     
-2    
-4    
1     
0     
-4    
1     
7     
8     
2     
1     
0     
-1    
1     
-2    
0     
0     
-1    
1     
-2    
0     
0     
-1    
1     
-2    
0     
0     
-1    
1     
-2    
0     
0     
-1    
1     
-2    
0     
